Charge [CH1]

 -40.020	 -80.483	3
 -80.483	 -79.876	0
 -79.876	 -79.270	0
 -79.270	 -78.663	0
 -78.663	 -78.057	0
 -78.057	 -77.450	0
 -77.450	 -76.844	0
 -76.844	 -76.237	0
 -76.237	 -75.631	0
 -75.631	 -75.024	0
 -75.024	 -74.418	1
 -74.418	 -73.811	0
 -73.811	 -73.205	0
 -73.205	 -72.598	0
 -72.598	 -71.992	0
 -71.992	 -71.385	0
 -71.385	 -70.779	1
 -70.779	 -70.172	0
 -70.172	 -69.565	1
 -69.565	 -68.959	0
 -68.959	 -68.352	1
 -68.352	 -67.746	0
 -67.746	 -67.139	1
 -67.139	 -66.533	1
 -66.533	 -65.926	0
 -65.926	 -65.320	0
 -65.320	 -64.713	0
 -64.713	 -64.107	1
 -64.107	 -63.500	0
 -63.500	 -62.894	1
 -62.894	 -62.287	1
 -62.287	 -61.681	0
 -61.681	 -61.074	2
 -61.074	 -60.468	2
 -60.468	 -59.861	1
 -59.861	 -59.255	2
 -59.255	 -58.648	3
 -58.648	 -58.041	8
 -58.041	 -57.435	9
 -57.435	 -56.828	7
 -56.828	 -56.222	6
 -56.222	 -55.615	11
 -55.615	 -55.009	9
 -55.009	 -54.402	13
 -54.402	 -53.796	17
 -53.796	 -53.189	28
 -53.189	 -52.583	22
 -52.583	 -51.976	31
 -51.976	 -51.370	36
 -51.370	 -50.763	40
 -50.763	 -50.157	46
 -50.157	 -49.550	33
 -49.550	 -48.944	69
 -48.944	 -48.337	62
 -48.337	 -47.731	65
 -47.731	 -47.124	69
 -47.124	 -46.517	76
 -46.517	 -45.911	95
 -45.911	 -45.304	93
 -45.304	 -44.698	99
 -44.698	 -44.091	119
 -44.091	 -43.485	122
 -43.485	 -42.878	135
 -42.878	 -42.272	166
 -42.272	 -41.665	165
 -41.665	 -41.059	157
 -41.059	 -40.452	155
 -40.452	 -39.846	206
 -39.846	 -39.239	208
 -39.239	 -38.633	177
 -38.633	 -38.026	217
 -38.026	 -37.420	221
 -37.420	 -36.813	246
 -36.813	 -36.207	245
 -36.207	 -35.600	237
 -35.600	 -34.993	235
 -34.993	 -34.387	247
 -34.387	 -33.780	266
 -33.780	 -33.174	263
 -33.174	 -32.567	264
 -32.567	 -31.961	292
 -31.961	 -31.354	269
 -31.354	 -30.748	299
 -30.748	 -30.141	292
 -30.141	 -29.535	302
 -29.535	 -28.928	298
 -28.928	 -28.322	312
 -28.322	 -27.715	293
 -27.715	 -27.109	329
 -27.109	 -26.502	300
 -26.502	 -25.896	301
 -25.896	 -25.289	298
 -25.289	 -24.683	260
 -24.683	 -24.076	275
 -24.076	 -23.469	225
 -23.469	 -22.863	174
 -22.863	 -22.256	162
 -22.256	 -21.650	113
 -21.650	 -21.043	89
 -21.043	 -20.437	37
 -20.437	 -19.830	34
 -19.830	 -19.224	17
 -19.224	 -18.617	6
 -18.617	 -18.011	4
 -18.011	 -17.404	2
 -17.404	 -16.798	0
 -16.798	 -16.191	0
 -16.191	 -15.585	0
 -15.585	 -14.978	0
 -14.978	 -14.372	0
 -14.372	 -13.765	0
 -13.765	 -13.159	0
 -13.159	 -12.552	0
 -12.552	 -11.945	0
 -11.945	 -11.339	0
 -11.339	 -10.732	0
 -10.732	 -10.126	0
 -10.126	  -9.519	0
  -9.519	  -8.913	0
  -8.913	  -8.306	0
  -8.306	  -7.700	0
  -7.700	  -7.093	0
  -7.093	  -6.487	0
  -6.487	  -5.880	0
  -5.880	  -5.274	0
  -5.274	  -4.667	0
  -4.667	  -4.061	0
  -4.061	  -3.454	0
  -3.454	  -2.848	0
  -2.848	  -2.241	0
  -2.241	  -1.635	0
  -1.635	  -1.028	0
  -1.028	  -0.421	0
  -0.421	   0.185	0
   0.185	   0.792	0
   0.792	   1.398	0
   1.398	   2.005	0
   2.005	   2.611	0
   2.611	   3.218	0
   3.218	   3.824	0
   3.824	   4.431	0
   4.431	   5.037	0
   5.037	   5.644	0
   5.644	   6.250	0
   6.250	   6.857	0
   6.857	   7.463	0
   7.463	   8.070	0
   8.070	   8.676	0
   8.676	   9.283	0
   9.283	   9.889	0
   9.889	  10.496	0


Charge [CH2]

 -28.092	 -80.483	3
 -80.483	 -79.876	0
 -79.876	 -79.270	0
 -79.270	 -78.663	0
 -78.663	 -78.057	0
 -78.057	 -77.450	0
 -77.450	 -76.844	0
 -76.844	 -76.237	0
 -76.237	 -75.631	0
 -75.631	 -75.024	0
 -75.024	 -74.418	0
 -74.418	 -73.811	0
 -73.811	 -73.205	0
 -73.205	 -72.598	0
 -72.598	 -71.992	0
 -71.992	 -71.385	0
 -71.385	 -70.779	0
 -70.779	 -70.172	0
 -70.172	 -69.565	0
 -69.565	 -68.959	0
 -68.959	 -68.352	0
 -68.352	 -67.746	1
 -67.746	 -67.139	0
 -67.139	 -66.533	0
 -66.533	 -65.926	0
 -65.926	 -65.320	0
 -65.320	 -64.713	0
 -64.713	 -64.107	0
 -64.107	 -63.500	0
 -63.500	 -62.894	0
 -62.894	 -62.287	0
 -62.287	 -61.681	0
 -61.681	 -61.074	0
 -61.074	 -60.468	0
 -60.468	 -59.861	0
 -59.861	 -59.255	0
 -59.255	 -58.648	0
 -58.648	 -58.041	0
 -58.041	 -57.435	1
 -57.435	 -56.828	0
 -56.828	 -56.222	0
 -56.222	 -55.615	0
 -55.615	 -55.009	0
 -55.009	 -54.402	1
 -54.402	 -53.796	0
 -53.796	 -53.189	0
 -53.189	 -52.583	0
 -52.583	 -51.976	0
 -51.976	 -51.370	0
 -51.370	 -50.763	1
 -50.763	 -50.157	0
 -50.157	 -49.550	2
 -49.550	 -48.944	0
 -48.944	 -48.337	2
 -48.337	 -47.731	0
 -47.731	 -47.124	0
 -47.124	 -46.517	0
 -46.517	 -45.911	1
 -45.911	 -45.304	0
 -45.304	 -44.698	1
 -44.698	 -44.091	0
 -44.091	 -43.485	1
 -43.485	 -42.878	2
 -42.878	 -42.272	0
 -42.272	 -41.665	0
 -41.665	 -41.059	6
 -41.059	 -40.452	7
 -40.452	 -39.846	9
 -39.846	 -39.239	12
 -39.239	 -38.633	24
 -38.633	 -38.026	19
 -38.026	 -37.420	36
 -37.420	 -36.813	37
 -36.813	 -36.207	41
 -36.207	 -35.600	75
 -35.600	 -34.993	74
 -34.993	 -34.387	74
 -34.387	 -33.780	114
 -33.780	 -33.174	133
 -33.174	 -32.567	151
 -32.567	 -31.961	172
 -31.961	 -31.354	207
 -31.354	 -30.748	238
 -30.748	 -30.141	244
 -30.141	 -29.535	279
 -29.535	 -28.928	311
 -28.928	 -28.322	327
 -28.322	 -27.715	378
 -27.715	 -27.109	404
 -27.109	 -26.502	409
 -26.502	 -25.896	431
 -25.896	 -25.289	440
 -25.289	 -24.683	481
 -24.683	 -24.076	558
 -24.076	 -23.469	460
 -23.469	 -22.863	488
 -22.863	 -22.256	484
 -22.256	 -21.650	451
 -21.650	 -21.043	459
 -21.043	 -20.437	403
 -20.437	 -19.830	399
 -19.830	 -19.224	338
 -19.224	 -18.617	275
 -18.617	 -18.011	178
 -18.011	 -17.404	129
 -17.404	 -16.798	110
 -16.798	 -16.191	44
 -16.191	 -15.585	31
 -15.585	 -14.978	31
 -14.978	 -14.372	8
 -14.372	 -13.765	2
 -13.765	 -13.159	1
 -13.159	 -12.552	1
 -12.552	 -11.945	1
 -11.945	 -11.339	0
 -11.339	 -10.732	0
 -10.732	 -10.126	0
 -10.126	  -9.519	0
  -9.519	  -8.913	0
  -8.913	  -8.306	0
  -8.306	  -7.700	0
  -7.700	  -7.093	0
  -7.093	  -6.487	0
  -6.487	  -5.880	0
  -5.880	  -5.274	0
  -5.274	  -4.667	0
  -4.667	  -4.061	0
  -4.061	  -3.454	0
  -3.454	  -2.848	0
  -2.848	  -2.241	0
  -2.241	  -1.635	0
  -1.635	  -1.028	0
  -1.028	  -0.421	0
  -0.421	   0.185	0
   0.185	   0.792	0
   0.792	   1.398	0
   1.398	   2.005	0
   2.005	   2.611	0
   2.611	   3.218	0
   3.218	   3.824	0
   3.824	   4.431	0
   4.431	   5.037	0
   5.037	   5.644	0
   5.644	   6.250	0
   6.250	   6.857	0
   6.857	   7.463	0
   7.463	   8.070	0
   8.070	   8.676	0
   8.676	   9.283	0
   9.283	   9.889	0
   9.889	  10.496	0


Chn delay [CH1]

 -80.483	 -79.876	0
 -79.876	 -79.270	0
 -79.270	 -78.663	0
 -78.663	 -78.057	0
 -78.057	 -77.450	0
 -77.450	 -76.844	0
 -76.844	 -76.237	0
 -76.237	 -75.631	0
 -75.631	 -75.024	0
 -75.024	 -74.418	0
 -74.418	 -73.811	0
 -73.811	 -73.205	0
 -73.205	 -72.598	0
 -72.598	 -71.992	0
 -71.992	 -71.385	0
 -71.385	 -70.779	0
 -70.779	 -70.172	0
 -70.172	 -69.565	0
 -69.565	 -68.959	0
 -68.959	 -68.352	0
 -68.352	 -67.746	0
 -67.746	 -67.139	0
 -67.139	 -66.533	0
 -66.533	 -65.926	0
 -65.926	 -65.320	0
 -65.320	 -64.713	0
 -64.713	 -64.107	0
 -64.107	 -63.500	0
 -63.500	 -62.894	0
 -62.894	 -62.287	0
 -62.287	 -61.681	0
 -61.681	 -61.074	0
 -61.074	 -60.468	0
 -60.468	 -59.861	0
 -59.861	 -59.255	0
 -59.255	 -58.648	0
 -58.648	 -58.041	0
 -58.041	 -57.435	0
 -57.435	 -56.828	0
 -56.828	 -56.222	0
 -56.222	 -55.615	0
 -55.615	 -55.009	0
 -55.009	 -54.402	0
 -54.402	 -53.796	0
 -53.796	 -53.189	0
 -53.189	 -52.583	0
 -52.583	 -51.976	0
 -51.976	 -51.370	0
 -51.370	 -50.763	0
 -50.763	 -50.157	0
 -50.157	 -49.550	0
 -49.550	 -48.944	0
 -48.944	 -48.337	0
 -48.337	 -47.731	0
 -47.731	 -47.124	0
 -47.124	 -46.517	0
 -46.517	 -45.911	0
 -45.911	 -45.304	0
 -45.304	 -44.698	0
 -44.698	 -44.091	0
 -44.091	 -43.485	0
 -43.485	 -42.878	0
 -42.878	 -42.272	0
 -42.272	 -41.665	0
 -41.665	 -41.059	0
 -41.059	 -40.452	0
 -40.452	 -39.846	0
 -39.846	 -39.239	0
 -39.239	 -38.633	0
 -38.633	 -38.026	0
 -38.026	 -37.420	0
 -37.420	 -36.813	0
 -36.813	 -36.207	0
 -36.207	 -35.600	0
 -35.600	 -34.993	0
 -34.993	 -34.387	0
 -34.387	 -33.780	0
 -33.780	 -33.174	0
 -33.174	 -32.567	0
 -32.567	 -31.961	0
 -31.961	 -31.354	0
 -31.354	 -30.748	0
 -30.748	 -30.141	0
 -30.141	 -29.535	0
 -29.535	 -28.928	0
 -28.928	 -28.322	0
 -28.322	 -27.715	0
 -27.715	 -27.109	0
 -27.109	 -26.502	0
 -26.502	 -25.896	0
 -25.896	 -25.289	0
 -25.289	 -24.683	0
 -24.683	 -24.076	0
 -24.076	 -23.469	0
 -23.469	 -22.863	0
 -22.863	 -22.256	0
 -22.256	 -21.650	0
 -21.650	 -21.043	0
 -21.043	 -20.437	0
 -20.437	 -19.830	0
 -19.830	 -19.224	0
 -19.224	 -18.617	0
 -18.617	 -18.011	0
 -18.011	 -17.404	0
 -17.404	 -16.798	0
 -16.798	 -16.191	0
 -16.191	 -15.585	0
 -15.585	 -14.978	0
 -14.978	 -14.372	0
 -14.372	 -13.765	0
 -13.765	 -13.159	0
 -13.159	 -12.552	0
 -12.552	 -11.945	0
 -11.945	 -11.339	0
 -11.339	 -10.732	0
 -10.732	 -10.126	0
 -10.126	  -9.519	1
  -9.519	  -8.913	4
  -8.913	  -8.306	1
  -8.306	  -7.700	1
  -7.700	  -7.093	1
  -7.093	  -6.487	0
  -6.487	  -5.880	1
  -5.880	  -5.274	2
  -5.274	  -4.667	3
  -4.667	  -4.061	3
  -4.061	  -3.454	2
  -3.454	  -2.848	4
  -2.848	  -2.241	6
  -2.241	  -1.635	9
  -1.635	  -1.028	66
  -1.028	  -0.421	425
  -0.421	   0.185	1608
   0.185	   0.792	2910
   0.792	   1.398	2172
   1.398	   2.005	1107
   2.005	   2.611	535
   2.611	   3.218	322
   3.218	   3.824	197
   3.824	   4.431	187
   4.431	   5.037	131
   5.037	   5.644	106
   5.644	   6.250	55
   6.250	   6.857	56
   6.857	   7.463	27
   7.463	   8.070	17
   8.070	   8.676	11
   8.676	   9.283	5
   9.283	   9.889	4
   9.889	  10.496	2
   9.889	 616.666	19


Chn delay [CH2]



