0.004637660164456106
0.0007086232814958981
0.006669394284519481
0.007690318815729507
0.0009959593307339953
0.006184263132369112
0.0059890210174284786
0.005570778901165011
0.005401594543627123
0.001416598301557298
0.00839988691423414
0.001915143820416213
0.008173172416014387
0.005858433721495638
0.009545790361631275
0.002507082059521114
0.006374039183262216
0.0032076274778457224
0.005517334810444168
0.004050020988296912
0.0013412615365529102
0.0066834220679235145
0.008936053346603086
0.00695800643238248
0.005533259609622403
0.00033964616265695245
0.007977867629240855
0.008873983995180959
0.006415064415772081
0.008055948922071662
0.0076280342566783
0.00031042763882797473
0.008319561139959401
0.003482724416295877
0.0033078555850547765
0.0012169099677265904
0.0033625394385513006
0.004535867562249372
0.009551150184561426
0.0034708114098329114
0.0011538519307951634
0.007120169326827595
0.006050495620824023
0.0016345655652854419
0.007759864793095923
0.0062281837253317564
0.007158890568542277
0.00745638840227301
0.006563883413030714
0.009057334457455943
0.009016564603607701
0.0056422799748867885
0.007864830793944424
0.0036831938004245547
0.0003723163359928561
0.0032283590618714577
0.008574991629410679
0.005762790404725711
0.0056653091082565785
0.005478697419366345
0.009721785203597084
0.009837674772866381
0.004062753152570343
0.00512287470846643
0.008236258047800381
0.0026061734444321086
0.006341076372514052
0.004527335583098584
0.009194183102406703
0.009651141638516438
0.008972833919370737
0.009273237526818813
5.1966202877964384e-05
0.00019731226889997845
0.007226453542955945
0.0024684185165938922
0.000985991635413026
0.0010628854027213586
0.0019520685619136469
0.004940304901598893
0.00805694675815674
0.000988231073524739
0.0036805461061067734
0.00392811007792067
0.008981661452832383
0.007125619712490014
0.009327772353373051
0.005455409550824895
0.007791451498945862
0.005562716120332127
0.0013176429009977531
0.005382040592337834
0.008373905997380995
0.005663353859417151
0.008435341692830927
0.007631972307496315
0.009067436619571214
0.0018770000565327173
9.128606596333743e-05
0.002881747791151079
0.004252733365573919
0.007863059742320827
0.008052383487748786
0.0007347853783642588
0.002688711575091486
0.009908407770812795
0.0027947266557734963
0.003010847497054514
0.00459049461589606
0.0009346461855958643
0.006045452615504408
0.0011584713560115624
0.004341849363633244
0.003768600610670614
0.007404666644202174
0.00987546657824063
0.008598310151219184
0.006827595867535337
0.007689479625803954
0.009746731367489794
0.009999718395480512
0.005165915505254307
0.004046968687652218
0.009338328767826589
0.002150943262567202
0.004397308629415854
0.008645955641125592
0.0014901879860765032
0.008467845395133462
0.004565948514260679
0.006513871067680441
0.008427127112675396
0.001241427598931929
0.004111477025033407
0.004893761516913453
0.0020020479227414257
0.007243961830026236
0.0007124583949712293
0.002140369061730325
0.0036181569029016016
0.0008330533490599212
0.006762507576919613
0.00698943386058695
0.0026885953717546087
0.001422895958484426
0.0010747565200932441
0.0019009760636010686
0.004691414965710793
0.008256947699775748
0.007156446636544462
0.008876146593276686
0.0005562174225198957
0.008972138156436929
0.004574367755970401
0.0024778071208023966
0.005879972146044615
0.001987754168928497
0.004559278013880488
0.007272117538617846
0.00213750340860427
0.007691745210136609
0.004360644861971174
0.008396532146686871
0.005878872112493679
0.002499066212851189
0.005922380076943763
0.006926016448601135
0.0012283783792432636
0.009800233711001437
0.008428038530492347
0.0012529686786920458
0.008725175392486111
0.007093887388686993
0.009835510029153116
0.005499704017853621
0.006533030102750519
0.008148128838680433
0.0016956185688309765
0.0027240141952685447
0.00042683729219180065
0.009975086868757385
0.00258871573706562
0.0032834980471453923
0.004900837131241117
0.003350842647659542
0.006931352343143643
0.0011245168885852563
0.006439929770380111
0.003408579199794053
0.0071023245685246155
0.003860195917443876
0.006841692717499363
0.0037163843053014977
0.0071251296682893085
0.0025538541544666425
0.008198780105967907
0.006773438715899384
0.0037808213846472617
0.004181247038238895
0.00403412292864126
